% X
DesignedF = [
            0.1     1000;
            1       100;
            10      10;
            100     1.1;
            200     0.9;
            300     0.7;
            400     0.55;
            500     0.45;
            600     0.38;
            700     0.33;
            800     0.29;
            900     0.26;
            1000    0.24;
            1300    0.19;        
            1500    0.17;
            1800    0.15; 
            2000    0.14;
            2300    0.12;
            2500    0.12;
            2800    0.11;
            3000    0.11            
            ];
DesignedF = [
            0.1     1000;
            1       100;
            10      10;
            100     1.1;
            200     0.9;
            300     0.7;
            400     0.33;
            500     0.27;
            600     0.228;
            700     0.198;
            800     0.174;
            900     0.156;
            1000    0.144;
            1300    0.114;        
            1500    0.102;
            1800    0.09; 
            2000    0.084;
            2300    0.072;
            2500    0.072;
            2800    0.066;
            3000    0.066            
            ];        
DesignedF = [
            0.1     1000;
            1       100;
            10      10;
            100     1.1;
            300     0.5;
            400     0.33;
            500     0.25;
            600     0.2;
            700     0.17;
            800     0.14;
            900     0.125;
            1000    0.11;
            1300    0.033;        
            1500    0.02;
            1800    0.0125; 
            2000    0.01;
            2300    0.003;
            2500    0.002;
            2800    0.00125;
            3000    0.001            
            ];            