% regular one X
DesignedF = [
            0.1     1000;
            1       100;
            10      10;
            100     1.1;  
            400     0.7;
            500     0.6;
            600     0.5;
            700     0.4;
            800     0.3;
            900     0.2;
            1000    0.1;
            1300    0.1;        
            1500    0.1;
            1800    0.1; 
            2000    0.1;
            2500    0.1;
            3000    0.1            
            ]; 
%% one peak
DesignedF = [
            0.1     1000;
            1       100;
            10      10;
            100     1.1;
            400     0.7;
            500     0.54;
            600     0.44;
            700     0.35;
            800     0.27;
            900     0.19;
            1000    0.1;
            1100    0.035;
            1300    0.078;
            1500    0.1;
            2000    0.1;
            2500    0.1;
            3000    0.1
            ];  
% two
DesignedF = [
            0.1     1000;
            1       100;
            10      10;
            100     1.1;
            400     0.7;
            500     0.54;
            600     0.44;
            700     0.35;
            800     0.27;
            900     0.19;
            1000    0.1;
            1100    0.035;
            1300    0.078;
            1500    0.1;
            1800    0.085;
            2000    0.064;
            2200    0.053
            2500    0.066;
            3000    0.1       
            ];         
%% length limtation
% regular one
DesignedF = [  
            500     0.6;
            600     0.5;
            700     0.4;
            800     0.3;
            900     0.2;
            1000    0.1;
            1300    0.1;        
            1500    0.1;
            1800    0.1; 
            2000    0.1;
            2500    0.1;
            3000    0.1             
            ]; 
% one peak
DesignedF = [
            400     0.7;
            500     0.54;
            600     0.44;
            700     0.35;
            800     0.27;
            900     0.19;
            1000    0.1;
            1300    0.078;
            1500    0.1;
            2000    0.1;
            2500    0.1;
            3000    0.1
            ];  
% two
DesignedF = [
            400     0.7;
            500     0.54;
            600     0.44;
            700     0.35;
            800     0.27;
            900     0.19;
            1000    0.1;
            1300    0.078;
            1500    0.1;
            2000    0.064;
            2500    0.066;
            3000    0.1       
            ]; 
%% new design (0.4352/5) X
DesignedF = [
            0.1     1000;
            1       100;
            10      10;
            100     1.1;  
            400     0.67;
            500     0.51;
            600     0.4;
            700     0.31;
            800     0.23;
            900     0.16;
            1000    0.1;
            1300    0.08;        
            1500    0.1;
            1800    0.1; 
            2000    0.1;
            2500    0.1;
            3000    0.1            
            ]; 