% ¤¤±j
% DesignedF = [
%             1       10      ;
%             15      10      ;
%             64      1.1     ;
%             124     0.9     ;
%             502     0.25    
%             ];
%% regular one Z
DesignedF = [
            0.1     1000;
            1       100;
            10      10;
            100     1.1;
            300     0.8;
            400     0.7;
            500     0.6;
            600     0.5;
            700     0.4;
            800     0.3;
            900     0.2;
            1000    0.1;
            1300    0.1;        
            1500    0.1;
            1800    0.1; 
            2000    0.1;
            2500    0.1;
            3000    0.1            
            ];  
%% good one
DesignedF = [
            0.1     1000;
            1       100;
            10      10;
            100     1.1;
            400     0.55;
            500     0.35;
            600     0.2;
            700     0.08;
            800     0.013;
            900     0.075;
            1000    0.112;
            2000    0.07;
            3000    0.04
            ];  
% new one
DesignedF = [
            0.1     1000;
            1       100;
            10      10;
            100     1.1;
            400     0.55;
            500     0.35;
            600     0.2;
            700     0.08;
            800     0.013;
            900     0.075;
            1000    0.112;
            2000    0.1;
            2500    0.1;
            3000    0.1    
            ]
% two
DesignedF = [
            0.1     1000;
            1       100;
            10      10;
            100     1.1;    
            400     0.55;
            500     0.35;
            600     0.2;
            700     0.08;
            800     0.013;
            900     0.075;
            1000    0.112;
            1300    0.14;
            1500    0.13;
            2000    0.07;
            2500    0.0045;
            3000    0.04
            ];   
%% length limitation
% regular
DesignedF = [
            400     0.7;
            500     0.6;
            600     0.5;
            700     0.4;
            800     0.3;
            900     0.2;
            1000    0.1;
            1300    0.1;        
            1500    0.1;
            2000    0.1;
            2500    0.1;
            3000    0.1            
            ];   
% new one
DesignedF = [
            400     0.55;
            500     0.35;
            600     0.2;
            700     0.08;
            800     0.013;
            900     0.075;
            1000    0.112;
            1300    0.112;
            1500    0.112;
            2000    0.1;
            2500    0.1;
            3000    0.1    
            ]
% two
DesignedF = [   
            400     0.55;
            500     0.35;
            600     0.2;
            700     0.08;
            800     0.013;
            900     0.075;
            1000    0.112;
            1300    0.14;
            1500    0.13;
            2000    0.07;
            2500    0.0045;
            3000    0.04
            ];   
%% new design (0.4952/5) Z       
DesignedF = [
            0.1     1000;
            1       100;
            10      10;
            100     1.1;
            300     0.8;
            400     0.56;
            500     0.39;
            600     0.26;
            700     0.16;
            800     0.09;
            900     0.07;
            1000    0.08;
            1300    0.1;        
            1500    0.09;
            1800    0.06; 
            2000    0.03;
            2500    0.07;
            3000    0.1            
            ]; 