-15212.0767263515444938093	-15212.0782741922030254500	-15212.0796699120783159742	-15212.0809135111594514456	-15212.0820049894336989382	-15212.0829443468865065370	-15212.0837315835087792948	-15212.0843666992950602435	-15212.0848496942307974678	-15212.0851805683287238935	-15212.0853593215651926585	-15212.0853859539547556778	-15212.0852604654919559835	-15212.0849828561731555965	-15212.0845531260038114851	-101095575.2792769670486450195	0.9999990200001600549	0.9999991550001190443	0.9999992800000864213	0.9999993950000609644	0.9999995000000416745	0.9999995950000273304	0.9999996800000170438	0.9999997550000100377	0.9999998200000054238	0.9999998750000026471	0.9999999200000010413	0.9999999550000003845	0.9999999800000001215	0.9999999950000000304	1.0000000000000000000	0.9999999950000000304	0.9999999800000001215	0.9999999550000003845	0.9999999200000010413	0.9999998750000026471	0.9999998200000054238	0.9999997550000100377	0.9999996800000170438	0.9999995950000273304	0.9999995000000416745	0.9999993950000609644	0.9999992800000864213	0.9999991550001190443	0.9999990200001600549	0.0000005000000000000	
-15213.6900088846359722083	-15213.8448102119600662263	-15213.9843976957472477807	-15214.1087711964009940857	-15214.2179305895533616422	-15214.3118757660413393751	-15214.3906066319214005489	-15214.4541231084640457993	-15214.5024251321501651546	-15214.5355126546783139929	-15214.5533856429647130426	-15214.5560440791323344456	-15214.5434879605218156939	-15214.5157172996932786191	-15214.4727321244135964662	-101101839.4127461463212966919	0.9999020016006562317	0.9999155011900349166	0.9999280008639958028	0.9999395006100392225	0.9999500004166652634	0.9999595002733742133	0.9999680001706663379	0.9999755001000415477	0.9999820000539999532	0.9999875000260416424	0.9999920000106666818	0.9999955000033750041	0.9999980000006666314	0.9999995000000416745	1.0000000000000000000	0.9999995000000416745	0.9999980000006666314	0.9999955000033750041	0.9999920000106666818	0.9999875000260416424	0.9999820000539999532	0.9999755001000415477	0.9999680001706663379	0.9999595002733742133	0.9999500004166652634	0.9999395006100392225	0.9999280008639958028	0.9999155011900349166	0.9999020016006562317	0.0000005000000000000	
-15376.5273649597020266810	-15392.1817916324325778987	-15406.2970129527748213150	-15418.8716174103592493339	-15429.9043475552189192967	-15439.3941001235398289282	-15447.3399261479589767987	-15453.7410310525065142429	-15458.5967747320264606969	-15461.9066716161887597991	-15463.6703907180744863581	-15463.8877556672359787626	-15462.5587447273555881111	-15459.6834907984339224640	-15455.2622814034548355266	-101736277.8214123249053955078	0.9902159962126371173	0.9915618937147880896	0.9928086358538662504	0.9939560979566968157	0.9950041652780257095	0.9959527330119942734	0.9968017063026194391	0.9975510002532795850	0.9982005399352041897	0.9987502603949662827	0.9992001066609779159	0.9995500337489875431	0.9998000066665777563	0.9999500004166652634	1.0000000000000000000	0.9999500004166652634	0.9998000066665777563	0.9995500337489875431	0.9992001066609779159	0.9987502603949662827	0.9982005399352041897	0.9975510002532795850	0.9968017063026194391	0.9959527330119942734	0.9950041652780257095	0.9939560979566968157	0.9928086358538662504	0.9915618937147880896	0.9902159962126371173	0.0000005000000000000	
-89885.4254857407213421538	-97133.7517631076771067455	-103411.5497010070976102725	-108656.0936176076211268082	-112814.9817637102823937312	-115846.6599037049163598567	-117720.8365117561479564756	-118418.7854347168613458052	-117933.5329976599896326661	-116269.9276825335255125538	-113444.5916837313852738589	-109485.7548246216902043670	-104432.9724944832269102335	-98336.7304241308884229511	-91257.9402491819782881066	-278844231.8205088973045349121	0.1699671429002408141	0.2674988286245873481	0.3623577544766736214	0.4535961214255773144	0.5403023058681397650	0.6216099682706643925	0.6967067093471653871	0.7648421872844883840	0.8253356149096783279	0.8775825618903727587	0.9210609940028851028	0.9553364891256059810	0.9800665778412416262	0.9950041652780257095	1.0000000000000000000	0.9950041652780257095	0.9800665778412416262	0.9553364891256059810	0.9210609940028851028	0.8775825618903727587	0.8253356149096783279	0.7648421872844883840	0.6967067093471653871	0.6216099682706643925	0.5403023058681397650	0.4535961214255773144	0.3623577544766736214	0.2674988286245873481	0.1699671429002408141	0.0000005000000000000	
17543.6518611348656122573	15962.4841632384996046312	12955.4352953278412314830	8791.1159770264166581910	3841.5124506490492422017	-1451.2419419556997581822	-6614.3612140486138741835	-11186.6392981198714551283	-14759.6482103121234104037	-17014.2217058173664554488	-17748.9654489683634892572	-16898.2469694408755458426	-14538.0584153577528923051	-10879.2284010208204563241	-6248.5893146958633224131	-106977978.2116522043943405151	-0.4902608213406994264	-0.7259323042001402104	-0.8967584163341469905	-0.9874797699088648795	-0.9899924966004454152	-0.9040721420170612088	-0.7373937155412454425	-0.5048461045998575702	-0.2272020946930871088	0.0707372016677029064	0.3623577544766736214	0.6216099682706643925	0.8253356149096783279	0.9553364891256059810	1.0000000000000000000	0.9553364891256059810	0.8253356149096783279	0.6216099682706643925	0.3623577544766736214	0.0707372016677029064	-0.2272020946930871088	-0.5048461045998575702	-0.7373937155412454425	-0.9040721420170612088	-0.9899924966004454152	-0.9874797699088648795	-0.8967584163341469905	-0.7259323042001402104	-0.4902608213406994264	0.0000005000000000000	
2415.5023667364357606857	-152.7646554280136683701	-2696.9134974905036870041	-4815.2789980487850698410	-6173.4178231975629387307	-6556.9097152101621759357	-5905.2097365597255702596	-4321.2069842922710449784	-2054.9806639291732608399	535.6819183416446321644	3041.7721042834268700972	5067.6333574614436656702	6293.4267306477950114640	6525.6264029681315150810	5727.5731517707999955746	-73619351.5651239156723022461	0.7755658785102501618	0.4685166713003771077	0.0874989834394463983	-0.3073328699784193541	-0.6536436208636119405	-0.8967584163341469905	-0.9982947757947531198	-0.9422223406686582869	-0.7373937155412454425	-0.4161468365471424069	-0.0291995223012888154	0.3623577544766736214	0.6967067093471653871	0.9210609940028851028	1.0000000000000000000	0.9210609940028851028	0.6967067093471653871	0.3623577544766736214	-0.0291995223012888154	-0.4161468365471424069	-0.7373937155412454425	-0.9422223406686582869	-0.9982947757947531198	-0.8967584163341469905	-0.6536436208636119405	-0.3073328699784193541	0.0874989834394463983	0.4685166713003771077	0.7755658785102501618	0.0000005000000000000	
-3583.1715007897460054664	-6019.6665541604197642300	-6982.3372918620407290291	-6235.4883429895335211768	-3961.9743774945791301434	-718.4309057018804196559	2701.0095079604229795223	5459.1485930742092023138	6880.6977081401519171777	6617.6120515314896692871	4734.3041674190717458259	1691.8735084923041540605	-1764.7867914648149962886	-4789.3657357802694605198	-6641.3409130072232073871	-74574988.1872074156999588013	0.7539022543433046009	0.9765876257280234896	0.9601702866503660783	0.7086697742912599907	0.2836621854632262463	-0.2107957994307796956	-0.6536436208636119405	-0.9364566872907963413	-0.9899924966004454152	-0.8011436155469336962	-0.4161468365471424069	0.0707372016677029064	0.5403023058681397650	0.8775825618903727587	1.0000000000000000000	0.8775825618903727587	0.5403023058681397650	0.0707372016677029064	-0.4161468365471424069	-0.8011436155469336962	-0.9899924966004454152	-0.9364566872907963413	-0.6536436208636119405	-0.2107957994307796956	0.2836621854632262463	0.7086697742912599907	0.9601702866503660783	0.9765876257280234896	0.7539022543433046009	0.0000005000000000000	
-5555.7346873248561678338	-7149.8424087698194853147	-6246.3044745738134224666	-3160.7526801010858434893	1028.9409609565238952200	4859.1959215347042118083	6991.9939467763679203927	6682.2873254801370421774	4038.2654907802334491862	-16.4386614768666348141	-4065.4003163368324749172	-6694.2006783988581446465	-6984.5241501333794076345	-4834.9523902048058516812	-996.3926579240217051847	-79833758.8768120110034942627	-0.5192886541166855663	0.0539554205626497502	0.6083513145322545501	0.9502325919585292713	0.9601702866503660783	0.6346928759426346822	0.0874989834394463983	-0.4902608213406994264	-0.8967584163341469905	-0.9899924966004454152	-0.7373937155412454425	-0.2272020946930871088	0.3623577544766736214	0.8253356149096783279	1.0000000000000000000	0.8253356149096783279	0.3623577544766736214	-0.2272020946930871088	-0.7373937155412454425	-0.9899924966004454152	-0.8967584163341469905	-0.4902608213406994264	0.0874989834394463983	0.6346928759426346822	0.9601702866503660783	0.9502325919585292713	0.6083513145322545501	0.0539554205626497502	-0.5192886541166855663	0.0000005000000000000	
-5530.5880093757823487977	-5911.4202809408925531898	-3512.0192258896499879484	539.1393479116596836320	4336.7322621054236151394	6094.6922301201793743530	4986.2232101163654078846	1532.6555025079878760152	-2641.7440363327332306653	-5573.6900764969459487475	-5884.2425823748144466663	-3427.3438579352109627507	641.4882366163662936742	4408.6183899570696667070	6102.3064279384079782176	-76589544.7667582184076309204	-0.9304262721047532603	-0.9477216021311118954	-0.5192886541166855663	0.1533738620378643502	0.7539022543433046009	0.9998586363834151003	0.7755658785102501618	0.1865123694225757633	-0.4902608213406994264	-0.9364566872907963413	-0.9422223406686582869	-0.5048461045998575702	0.1699671429002408141	0.7648421872844883840	1.0000000000000000000	0.7648421872844883840	0.1699671429002408141	-0.5048461045998575702	-0.9422223406686582869	-0.9364566872907963413	-0.4902608213406994264	0.1865123694225757633	0.7755658785102501618	0.9998586363834151003	0.7539022543433046009	0.1533738620378643502	-0.5192886541166855663	-0.9477216021311118954	-0.9304262721047532603	0.0000005000000000000	
-4501.2999596633781038690	-3641.2175736253493596450	-572.4214678117946277780	2843.5978192276893423696	4534.7288264935932602384	3475.1541777484799240483	307.5976368128025910664	-3046.5435030548578652088	-4552.6922346054707304575	-3297.2389478298864560202	-41.7247599422693227211	3239.0991074345311062643	4555.1289207223717312445	3108.0786545826476867660	-224.2904170694922640905	-61723123.9180683270096778870	0.2030048638187521293	-0.5609842574272287941	-0.9846878557941269872	-0.8110930140616560147	-0.1455000338086135381	0.6083513145322545501	0.9931849187581925920	0.7755658785102501618	0.0874989834394463983	-0.6536436208636119405	-0.9982947757947531198	-0.7373937155412454425	-0.0291995223012888154	0.6967067093471653871	1.0000000000000000000	0.6967067093471653871	-0.0291995223012888154	-0.7373937155412454425	-0.9982947757947531198	-0.6536436208636119405	0.0874989834394463983	0.7755658785102501618	0.9931849187581925920	0.6083513145322545501	-0.1455000338086135381	-0.8110930140616560147	-0.9846878557941269872	-0.5609842574272287941	0.2030048638187521293	0.0000005000000000000	
-3091.5092026012021051429	-1251.7912441178814333398	1535.2573715259786695242	3160.4538161210157340975	2393.8818211937914384180	-184.3322102890294331701	-2623.0472999718422215665	-3076.6924875268673531536	-1201.9581391284932578856	1582.3941660742061685596	3169.2221138586387496616	2357.6459492025055624254	-238.1496665041799758455	-2653.7183624811709705682	-3061.0059076982206534012	-37619737.2623274102807044983	0.9994345855010047242	0.6475963386538773348	-0.1943299064553347943	-0.8891911526253608589	-0.9111302618846769397	-0.2435441537357911079	0.6083513145322545501	0.9998586363834151003	0.6346928759426346822	-0.2107957994307796956	-0.8967584163341469905	-0.9040721420170612088	-0.2272020946930871088	0.6216099682706643925	1.0000000000000000000	0.6216099682706643925	-0.2272020946930871088	-0.9040721420170612088	-0.8967584163341469905	-0.2107957994307796956	0.6346928759426346822	0.9998586363834151003	0.6083513145322545501	-0.2435441537357911079	-0.9111302618846769397	-0.8891911526253608589	-0.1943299064553347943	0.6475963386538773348	0.9994345855010047242	0.0000005000000000000	
-1825.3426548472448303073	561.7776627373873452598	2432.4021879716942748928	2066.6873591822413800401	-199.1302966222911834393	-2281.8684760487026323972	-2266.6673019715731243195	-167.5026637336087844687	2085.6631510629240437993	2421.2798833006249878963	530.7830571360118483426	-1847.7132639279698196333	-2527.4305313028689852217	-883.4398240409857407940	1572.7813832526926489663	-11768713.3340622745454311371	0.1367372182078336051	0.9074467814501961938	0.8438539587324921376	0.0044256979880507854	-0.8390715290764524381	-0.9111302618846769397	-0.1455000338086135381	0.7539022543433046009	0.9601702866503660783	0.2836621854632262463	-0.6536436208636119405	-0.9899924966004454152	-0.4161468365471424069	0.5403023058681397650	1.0000000000000000000	0.5403023058681397650	-0.4161468365471424069	-0.9899924966004454152	-0.6536436208636119405	0.2836621854632262463	0.9601702866503660783	0.7539022543433046009	-0.1455000338086135381	-0.9111302618846769397	-0.8390715290764524381	0.0044256979880507854	0.8438539587324921376	0.9074467814501961938	0.1367372182078336051	0.0000005000000000000	
-2226.4677848827582238300	464.4232295881084837674	2474.9331246844917586714	859.6601939664744804759	-2015.0169348820570576208	-1937.6895334457874469081	978.3575740123134210080	2461.1085434943620384729	338.3297309930979395176	-2280.1029300353120561340	-1558.1794568489688117552	1446.4805710473217459366	2332.0431736157343038940	-198.8429365589686597104	-2438.4236788353300653398	-29567259.4923134967684745789	0.7963524702919231313	-0.3697682638631731300	-0.9941776251838151390	-0.1621144364997182674	0.9074467814501961938	0.6475963386538773348	-0.5609842574272287941	-0.9477216021311118954	0.0539554205626497502	0.9765876257280234896	0.4685166713003771077	-0.7259323042001402104	-0.8568887533689473202	0.2674988286245873481	1.0000000000000000000	0.2674988286245873481	-0.8568887533689473202	-0.7259323042001402104	0.4685166713003771077	0.9765876257280234896	0.0539554205626497502	-0.9477216021311118954	-0.5609842574272287941	0.6475963386538773348	0.9074467814501961938	-0.1621144364997182674	-0.9941776251838151390	-0.3697682638631731300	0.7963524702919231313	0.0000005000000000000	
-2514.3846302670908698929	587.3523805082614899220	2597.4799578471270251612	-219.8754532961643235467	-2628.5867064103040320333	-152.0022826086131715329	2607.0822741726301501330	520.8376917934991752190	-2533.3970724915552636958	-879.2485310359058985341	2409.0059111797181685688	1220.0612049515216313011	-2236.3984801765259362583	-1536.4543455547043322440	2019.0295183870825894701	-46152959.4743439778685569763	-0.5477292602242683772	0.7958149698139440620	0.6603167082440801749	-0.7023970575027135288	-0.7596879128588213126	0.5949206633098920172	0.8438539587324921376	-0.4755369279959925644	-0.9111302618846769397	0.3466353178350258246	0.9601702866503660783	-0.2107957994307796956	-0.9899924966004454152	0.0707372016677029064	1.0000000000000000000	0.0707372016677029064	-0.9899924966004454152	-0.2107957994307796956	0.9601702866503660783	0.3466353178350258246	-0.9111302618846769397	-0.4755369279959925644	0.8438539587324921376	0.5949206633098920172	-0.7596879128588213126	-0.7023970575027135288	0.6603167082440801749	0.7958149698139440620	-0.5477292602242683772	0.0000005000000000000	
-2949.6733785185838314646	1080.1978133453217196802	2458.8269667686849970778	-2197.4990880207119516854	-1460.2741749997765055014	2861.0537907930483925156	160.1993464042187724772	-2933.8490449360538150358	1172.9539506413486833480	2400.8538558075629225641	-2263.9120008242534822784	-1372.1227582313833863736	2887.4103305167086546135	60.0714075676695955508	-2914.7070297777836458408	-77486098.7020769715309143066	0.9977389813911303751	-0.1612379643241853566	-0.9244717749141216911	0.5813218118144356517	0.6603167082440801749	-0.8813724903622346396	-0.2598173562137558457	0.9994345855010047242	-0.1943299064553347943	-0.9111302618846769397	0.6083513145322545501	0.6346928759426346822	-0.8967584163341469905	-0.2272020946930871088	1.0000000000000000000	-0.2272020946930871088	-0.8967584163341469905	0.6346928759426346822	0.6083513145322545501	-0.9111302618846769397	-0.1943299064553347943	0.9994345855010047242	-0.2598173562137558457	-0.8813724903622346396	0.6603167082440801749	0.5813218118144356517	-0.9244717749141216911	-0.1612379643241853566	0.9977389813911303751	0.0000005000000000000	
-3225.5338942745670465229	1583.9358998400471136847	1907.2340662507936031034	-3171.3147462904685198737	732.2311324773703518076	2561.8834074868905190669	-2864.4704837339368168614	-177.8027471098093030832	3012.4545852122137148399	-2329.4441446461846680904	-1073.6729617966668683948	3223.0553577219516228070	-1608.8556204679503025545	-1884.0150038842969024699	3176.9093882155552819313	-101283579.9844750761985778809	-0.9626058663135665938	0.6469193223286403560	0.4241790073369969827	-0.9999608263946371256	0.4080820618133919608	0.6603167082440801749	-0.9576594803233846598	0.1367372182078336051	0.8438539587324921376	-0.8390715290764524381	-0.1455000338086135381	0.9601702866503660783	-0.6536436208636119405	-0.4161468365471424069	1.0000000000000000000	-0.4161468365471424069	-0.6536436208636119405	0.9601702866503660783	-0.1455000338086135381	-0.8390715290764524381	0.8438539587324921376	0.1367372182078336051	-0.9576594803233846598	0.6603167082440801749	0.4080820618133919608	-0.9999608263946371256	0.4241790073369969827	0.6469193223286403560	-0.9626058663135665938	0.0000005000000000000	
-3787.4350314457060449058	3069.3060998980099611799	-1130.4749407393942419731	-1257.9605372796822848613	3146.0890468426100596844	-3782.9777703605082024296	2915.3279301179809408495	-888.2149465188470003341	-1492.1524628441097775067	3279.0717845792305524810	-3761.8623874273725959938	2748.5122839279392792378	-642.0437496150068454881	-1719.7737821161854299135	3397.6153210697775648441	-159264257.8936125040054321289	-0.9036922050915067173	0.4677318402470735936	0.1542514498875840467	-0.7148869687796650663	0.9912028118634735874	-0.8733046400935156051	0.4080820618133919608	0.2194399632114593102	-0.7596879128588213126	0.9977982791785806604	-0.8390715290764524381	0.3466353178350258246	0.2836621854632262463	-0.8011436155469336962	1.0000000000000000000	-0.8011436155469336962	0.2836621854632262463	0.3466353178350258246	-0.8390715290764524381	0.9977982791785806604	-0.7596879128588213126	0.2194399632114593102	0.4080820618133919608	-0.8733046400935156051	0.9912028118634735874	-0.7148869687796650663	0.1542514498875840467	0.4677318402470735936	-0.9036922050915067173	0.0000005000000000000	
-4063.0067610468790917366	4022.9421537711068594945	-3902.3583319351846512291	3703.6687815530185616808	-3430.8502753264219791163	3089.3632775124410727585	-2686.0426526941305382934	2228.9608659194504980405	-1727.2664122584444612585	1191.0007096122126313276	-630.8971196653486686046	58.1661195788445155586	515.7290757865080195188	-1079.3019501934952586453	1621.2725887290680475417	-192371491.6424534916877746582	-0.3999853149883512704	0.2666429323599372458	-0.1279636896274046753	-0.0132767472230594791	0.1542514498875840467	-0.2921388087338361861	0.4241790073369969827	-0.5477292602242683772	0.6603167082440801749	-0.7596879128588213126	0.8438539587324921376	-0.9111302618846769397	0.9601702866503660783	-0.9899924966004454152	1.0000000000000000000	-0.9899924966004454152	0.9601702866503660783	-0.9111302618846769397	0.8438539587324921376	-0.7596879128588213126	0.6603167082440801749	-0.5477292602242683772	0.4241790073369969827	-0.2921388087338361861	0.1542514498875840467	-0.0132767472230594791	-0.1279636896274046753	0.2666429323599372458	-0.3999853149883512704	0.0000005000000000000	